time (s)	°C
0.888	24.062
60.8879	24.375
120.968	24.687
180.9678	24.812
241.048	25.062
301.0479	25.125
361.1281	25.187
421.2079	25.375
481.2879	25.687
541.3678	26
601.3678	26.125
661.4479	26.125
721.528	26.125
781.5281	26
841.5279	26.062
901.6079	26.187
961.6879	26.5
1021.6878	26.812
1081.768	27.062
1141.7679	27.125
1201.8479	27.062
1261.9279	26.937
1322.0078	26.812
1382.0078	26.687
1442.0878	26.375
1502.1679	26.25
1562.1679	26.187
1622.2479	26.187
1682.3278	26.125
1742.3279	26
1802.4083	25.75
1862.4879	25.5
1922.4879	25.437
1982.5679	25.312
2042.5679	25.125
2102.648	24.625
2162.6479	24.187
2222.7278	24.062
2282.8078	23.937
2342.808	23.562
2402.8079	23.25
2462.8879	23.062
2522.9678	22.812
2583.048	22.687
2643.0479	22.625
2703.1282	22.375
2763.2079	22.125
2823.2079	22
2883.288	22
2943.3679	21.937
3003.4479	22
3063.4479	21.875
3123.4479	21.75
3183.4478	21.562
3243.5279	21.312
3303.6079	21.062
3363.6079	20.812
3423.6879	20.687
3483.7679	20.562
3543.8478	20.437
3603.8479	20.375
3663.9679	20.25
3723.9279	20.312
3784.0078	20.312
3844.0078	20.5
3904.0879	20.625
3964.1679	21
4024.2577	21.25
4084.2582	21.687
4144.387	22.187
4204.417	22.5
4264.4971	22.937
4324.497	23.25
4384.5668	23.5
4444.6468	23.562
4504.7269	23.562
4564.7269	23.5
4624.8069	23.5
4684.8869	23.437
4744.8869	22.937
4804.9668	22.125
4864.9669	21.562
4925.0474	21.187
4985.1278	20.937
5045.1275	20.687
5105.2074	19.75
5165.2874	18.687
5225.3684	18.5
5285.3684	18.312
5345.3679	18.25
5405.4479	18.312
5465.4479	18.375
5525.5279	18.312
5585.6078	18.25
5645.6079	18.187
5705.6878	18
5765.7678	17.875
5825.7679	17.687
5885.8479	17.5
5945.8479	17.375
6005.9279	17.437
6066.0079	17.75
6126.0078	18.437
6186.0879	19.25
6246.1684	19.75
6306.2478	20.25
6366.2478	20.687
6426.3678	20.687
6486.4078	20.937
6546.4879	21
6606.488	21.312
6666.5679	21.5
6726.6479	21.625
6786.7279	21.875
6846.7279	21.937
6906.8079	21.812
6966.8879	21.375
7026.9686	21.062
7086.9679	21.062
7147.0479	21.312
7207.1278	21.812
7267.2079	22.125
7327.2079	22.125
7387.288	21.875
7447.3678	22.062
7507.4479	22.437
7567.4479	22.937
7627.5278	23.25
7687.6079	23.312
7747.6879	23
7807.6879	22.875
7867.7678	22.875
7927.8479	23.437
7987.9279	23.5
8047.9279	23.5
8108.0078	23.25
8168.0879	22.875
8228.1685	22.687
8288.1684	22.562
8348.2479	22.187
8408.3278	21.75
8468.4078	21.375
8528.4079	21.125
8588.4879	20.812
8648.5678	20.687
8708.6479	20.75
8768.6479	21.125
8828.7274	21.5
8888.8079	22
8948.8879	22.625
9008.8879	23
9068.9679	23.125
9129.0479	23.25
9189.1278	23.25
9249.1279	23.125
9309.2078	22.875
9369.2879	22.437
9429.368	22.062
9489.3679	21.812
9549.4478	21.625
9609.528	21.562
9669.6078	21.437
9729.6079	21.375
9789.6879	21.25
9849.7678	21.187
9909.8478	21.125
9969.8878	21
10029.928	20.937
10090.0078	20.875
10150.0879	20.875
10210.0879	20.75
10270.1679	20.687
10330.2481	20.812
10390.3279	21.125
10450.3279	21.562
10510.4083	22
10570.488	22.25
10630.5679	22.062
10690.5679	22
10750.6779	22.312
10810.7279	22.937
10870.8079	23.437
10930.8082	23.625
10990.888	23.75
11050.9679	23.875
11111.0479	24.125
11171.0479	24.437
11231.1279	24.625
11291.2079	24.937
11351.2878	24.937
11411.288	25.062
11471.3678	25.062
11531.4481	24.187
11591.5279	23.687
11651.5279	23.25
11711.6078	23.187
11771.6878	23.437
11831.7679	23.937
11891.7679	24.312
11951.8479	24.562
12011.9279	24.75
12072.0078	24.875
12132.0078	25.187
12192.0879	25.562
12252.2075	25.937
12312.2468	26.562
12372.2469	27.25
12432.3275	27.687
12492.4084	27.812
12552.4868	27.937
12612.4879	28.312
12672.5679	28.75
12732.6483	28.75
12792.7269	28.437
12852.7279	28.062
12912.8069	27.75
12972.8879	27.312
13032.9678	27
13092.9679	26.687
13153.0479	26.312
13213.1279	25.875
13273.2079	25.625
13333.2069	25.437
13393.2879	24.937
13453.4079	24.375
13513.4478	24.062
13573.5279	24.125
13633.5283	24.375
13693.6079	24.625
13753.688	24.875
13813.6879	25
13873.7679	24.937
13933.8478	24.75
13993.9281	25
14053.928	25.125
14114.0079	24.875
14174.0879	24.25
14234.1684	23.5
14294.1685	22.875
14354.2478	22.375
14414.3278	22.062
14474.408	21.875
14534.4079	21.875
14594.4878	21.875
14654.5678	22
14714.648	22.125
14774.6479	22.25
14834.7279	22.5
14894.8079	22.75
14954.888	22.937
15014.8879	23.062
15074.9679	23.062
15135.0479	23.25
15195.1279	23.75
15255.1279	24.25
15315.2078	24.625
15375.288	24.812
15435.3679	25.062
15495.3668	25.25
15555.4479	25.375
15615.5278	25.437
15675.6079	25.562
15735.688	25.75
15795.6879	25.937
15855.7678	26.062
15915.8479	26.312
15975.8479	26.437
16035.928	26.437
16096.0079	26.437
16156.0879	26.375
16216.0879	26.312
16276.1684	26.25
16336.2479	26.187
16396.3279	26
16456.3279	25.75
16516.4083	25.25
16576.4879	24.625
16636.5679	24
16696.5679	23.687
16756.6478	23.625
16816.7279	23.437
16876.8078	23.312
16936.8079	23.312
16996.8879	23.562
17056.9679	23.875
17117.0478	24.125
17177.0483	24.125
17237.128	23.75
17297.2079	23.437
17357.288	23.312
17417.2879	23.187
17477.3679	23.125
17537.4479	22.937
17597.5279	22.625
17657.5279	22.437
17717.6079	22.25
17777.6881	22.312
17837.768	22.437
17897.768	22.562
17957.8479	22.75
18017.9278	22.812
18078.0079	23
18138.0079	23.125
18198.0879	23.25
18258.1683	23.375
18318.1684	23.5
18378.2479	23.687
18438.3279	23.875
18498.3279	24
18558.4084	24.125
18618.4879	24.187
18678.5678	24.312
18738.6479	24.375
18798.6879	24.375
18858.7278	24.375
18918.8079	24.437
18978.8879	24.375
19038.8879	24.312
19098.9679	24.125
19159.048	23.687
19219.1278	23.375
19279.1278	23.187
19339.2149	22.937
19399.3478	22.75
19459.3772	22.625
19519.377	22.5
19579.4573	22.437
19639.532	22.375
19699.6068	22.25
19759.6069	22.25
19819.6868	22.25
19879.7668	22.187
19939.7669	22
19999.8469	21.812
20059.9371	21.562
20120.0068	21.25
20180.0075	21
20240.0875	20.75
20300.1674	20.5
20360.2484	20.312
20420.2475	20.062
20480.3279	19.937
20540.4084	19.875
20600.4879	19.687
20660.4879	19.562
20720.6079	19.375
20780.6479	19.25
20840.7279	19.125
20900.7279	19
20960.808	18.812
21020.8878	18.687
21080.9678	18.562
21140.968	18.437
21201.048	18.312
21261.1279	18.187
21321.1278	18.125
21381.2079	18.062
21441.2879	18.062
21501.3679	18.062
21561.448	18.062
21621.4484	18
21681.5278	17.937
21741.6079	17.875
21801.6879	17.875
21861.728	17.875
21921.7679	17.875
21981.8478	17.875
22041.9279	18
22101.928	18.125
22162.0079	18.312
22222.0879	18.5
22282.1684	18.5
22342.1679	18.562
22402.2479	18.562
22462.3279	18.562
22522.4083	18.562
22582.4083	18.5
22642.4879	18.5
22702.5679	18.375
22762.6479	18.25
22822.6479	18.125
22882.7279	18
22942.808	17.875
23002.8879	17.687
23062.8879	17.562
23122.9679	17.5
23183.0478	17.437
23243.1279	17.375
23303.128	17.312
23363.2078	17.25
23423.288	17.187
23483.3679	17.125
23543.368	17.062
23603.4479	17
23663.528	16.875
23723.6079	16.75
23783.6069	16.625
23843.6879	16.562
23903.768	16.562
23963.7679	16.375
24023.8479	16.25
24083.9279	16.125
24144.0079	16
24204.0078	15.937
24264.0879	15.812
24324.1682	15.75
24384.2478	15.687
24444.3279	15.562
24504.3279	15.5
24564.4155	15.437
24624.4879	15.375
24684.5679	15.312
24744.5679	15.25
24804.6479	15.125
24864.7279	15.062
24924.8079	15
24984.8079	14.937
25044.8879	14.875
25104.9679	14.812
25165.0479	14.687
25225.0479	14.625
25285.128	14.562
25345.2079	14.5
25405.2879	14.437
25465.2879	14.312
25525.3678	14.312
25585.4497	14.25
25645.4492	14.125
25705.5279	14.062
25765.6079	14
25825.6879	14
25885.6879	13.937
25945.768	13.937
26005.8635	13.875
26065.9769	13.812
26125.9276	13.812
26186.0069	13.75
26246.0874	13.75
26306.1669	13.75
26366.1679	13.625
26426.2478	13.562
26486.3277	13.5
26546.4079	13.437
26606.4083	13.375
26666.4868	13.375
26726.4879	13.312
26786.5679	13.312
26846.5678	13.312
26906.568	13.25
26966.6479	13.25
27026.6479	13.187
27086.6483	13.187
27146.7279	13.125
27206.8079	13.125
27266.8879	13.062
27326.8879	13
27386.9679	12.937
27447.048	12.875
27507.0479	12.812
27567.1278	12.812
27627.2079	12.75
27687.2078	12.75
27747.288	12.75
27807.3678	12.687
27867.4479	12.625
27927.4479	12.625
27987.5279	12.625
28047.5279	12.625
28107.6078	12.625
28167.6879	12.625
28227.6879	12.562
28287.6879	12.5
28347.7678	12.5
28407.7678	12.437
28467.8479	12.375
28527.9671	12.312
28588.008	12.312
28648.0879	12.25
28708.0879	12.25
28768.1684	12.25
28828.248	12.187
28888.2479	12.187
28948.3279	12.187
29008.408	12.125
29068.488	12.125
29128.568	12.125
29188.5678	12.062
29248.6479	12
29308.7279	12
29368.7279	12
29428.8079	11.937
29488.8078	11.875
29548.888	11.812
29608.8879	11.75
29668.9679	11.75
29729.0479	11.687
29789.1279	11.625
29849.1279	11.625
29909.2079	11.562
29969.2879	11.562
30029.2878	11.5
30089.2878	11.437
30149.3679	11.437
30209.448	11.375
30269.4479	11.312
30329.528	11.312
30389.6079	11.312
30449.6879	11.25
30509.7679	11.25
30569.7683	11.187
30629.8478	11.187
30689.9279	11.125
30749.928	11.062
30810.0079	11.062
30870.0078	11.062
30930.0879	11
30990.1679	11
31050.1678	11
31110.2479	10.937
31170.2478	10.937
31230.328	10.937
31290.4084	10.875
31350.4084	10.875
31410.488	10.875
31470.5679	10.812
31530.5679	10.812
31590.648	10.812
31650.7279	10.812
31710.8079	10.75
31770.8079	10.75
31830.888	10.75
31890.8879	10.75
31950.9679	10.687
32011.0478	10.687
32071.1279	10.625
32131.1279	10.625
32191.208	10.562
32251.208	10.562
32311.2879	10.5
32371.3679	10.562
32431.4479	10.5
32491.4779	10.5
32551.4478	10.5
32611.5279	10.437
32671.608	10.437
32731.6882	10.375
32791.6879	10.375
32851.768	10.375
32911.8483	10.375
32971.8479	10.375
33031.9281	10.375
33091.9281	10.312
33152.0079	10.312
33212.0879	10.312
33272.1679	10.25
33332.1678	10.25
33392.2479	10.187
33452.3279	10.25
33512.3279	10.187
33572.4084	10.125
33632.4883	10.125
33692.488	10.125
33752.5679	10.125
33812.5678	10.125
33872.6479	10.125
33932.7278	10.125
33992.8089	10.062
34052.8085	10.125
34112.8079	10.125
34172.8879	10.062
34232.9681	10.062
34292.968	10.062
34353.0519	10
34413.1279	10.062
34473.1279	10
34533.2078	10
34593.2879	10
34653.3679	10
34713.3678	9.937
34773.4479	9.937
34833.448	9.937
34893.5279	9.875
34953.5278	9.875
35013.6081	9.937
35073.6079	9.875
35133.6878	9.875
35193.6879	9.812
35253.688	9.812
35313.7679	9.812
35373.7678	9.812
35433.8479	9.812
35493.848	9.812
35553.928	9.75
35614.0079	9.75
35674.0079	9.75
35734.0879	9.75
35794.1687	9.687
35854.1685	9.687
35914.3059	9.625
35974.3878	9.625
36034.387	9.625
36094.417	9.625
36154.4971	9.562
36214.5669	9.562
36274.5668	9.562
36334.6469	9.5
36394.6469	9.5
36454.7268	9.437
36514.8069	9.437
36574.8069	9.375
36634.8869	9.375
36694.9669	9.375
36755.0478	9.312
36815.1275	9.312
36875.1275	9.312
36935.2074	9.312
36995.288	9.312
37055.3674	9.25
37115.3678	9.25
37175.4474	9.25
37235.5284	9.25
37295.5284	9.25
37355.6078	9.25
37415.6879	9.25
37475.6879	9.25
37535.7679	9.25
37595.7678	9.25
37655.7679	9.25
37715.8479	9.187
37775.9279	9.187
37836.0079	9.187
37896.0879	9.187
37956.0882	9.125
38016.1679	9.125
38076.2479	9.125
38136.2888	9.125
38196.3278	9.062
38256.4084	9.062
38316.4083	9.062
38376.488	9.062
38436.5679	9.062
38496.5679	9.062
38556.6479	9
38616.6478	9
38676.7279	9
38736.7279	9
38796.8079	8.937
38856.888	8.937
38916.8878	8.937
38976.9679	8.937
39037.049	8.937
39097.048	8.937
39157.1279	8.937
39217.2078	8.937
39277.2878	8.937
39337.2879	8.875
39397.3679	8.875
39457.4479	8.875
39517.4478	8.875
39577.5279	8.875
39637.6079	8.875
39697.6078	8.875
39757.6879	8.812
39817.7678	8.812
39877.8479	8.812
39937.8479	8.812
39997.8479	8.812
40057.928	8.812
40118.0079	8.75
40178.0079	8.75
40238.0879	8.75
40298.1684	8.75
40358.2479	8.75
40418.2479	8.75
40478.3279	8.75
40538.3279	8.687
40598.4079	8.687
40658.4879	8.687
40718.568	8.687
40778.5678	8.625
40838.648	8.625
40898.6479	8.625
40958.7279	8.625
41018.8078	8.562
41078.8879	8.562
41138.8879	8.562
41198.968	8.5
41258.9678	8.5
41319.0479	8.5
41379.1279	8.5
41439.1279	8.5
41499.2079	8.437
41559.2878	8.437
41619.3279	8.437
41679.3679	8.437
41739.4478	8.437
41799.5279	8.437
41859.5279	8.437
41919.6079	8.437
41979.6879	8.375
42039.688	8.375
42099.7678	8.312
42159.8479	8.312
42219.8479	8.312
42279.9279	8.312
42339.9279	8.312
42399.9278	8.312
42460.0079	8.312
42520.0079	8.312
42580.0879	8.312
42640.1684	8.25
42700.1684	8.25
42760.1684	8.25
42820.2478	8.187
42880.328	8.187
42940.3279	8.187
43000.4079	8.125
43060.4885	8.125
43120.4879	8.125
43180.5768	8.125
43240.648	8.125
43300.7287	8.125
43360.8078	8.125
43420.8079	8.125
43480.8079	8.125
43540.8878	8.062
43600.9679	8.062
43660.9679	8.062
43721.0479	8
43781.0482	8
43841.1278	8
43901.1279	8
43961.2079	7.937
44021.2079	7.937
44081.2879	7.937
44141.3679	7.937
44201.3679	7.937
44261.4479	7.937
44321.4479	7.875
44381.4479	7.875
44441.5279	7.875
44501.6079	7.875
44561.6878	7.875
44621.6878	7.812
44681.6879	7.812
44741.7681	7.812
44801.8478	7.812
44861.928	7.812
44921.928	7.812
44981.9679	7.812
45042.0079	7.812
45102.0879	7.812
45162.1681	7.75
45222.2479	7.75
45282.2881	7.75
45342.3279	7.75
45402.4083	7.75
45462.4083	7.75
45522.4879	7.75
45582.4878	7.75
45642.5678	7.75
45702.6479	7.75
45762.7278	7.75
45822.7279	7.75
45882.8079	7.75
45942.8879	7.75
46002.8879	7.75
46062.9679	7.75
46122.9679	7.75
46182.9679	7.75
46243.048	7.75
46303.1279	7.75
46363.2079	7.75
46423.2878	7.687
46483.288	7.687
46543.3679	7.687
46603.4479	7.687
46663.528	7.687
46723.5279	7.687
46783.6078	7.625
46843.6079	7.625
46903.6078	7.625
46963.6879	7.625
47023.7678	7.625
47083.7679	7.562
47143.8479	7.562
47203.8479	7.562
47263.9279	7.562
47324.0079	7.562
47384.0079	7.5
47444.0879	7.5
47504.1679	7.5
47564.2479	7.5
47624.2479	7.437
47684.3278	7.437
47744.3279	7.437
47804.4084	7.437
47864.4083	7.437
47924.4083	7.437
47984.4879	7.437
48044.5679	7.375
48104.6479	7.375
48164.6479	7.375
48224.7278	7.375
48284.8074	7.375
48344.8879	7.375
48404.8879	7.375
48464.9679	7.312
48525.0479	7.375
48585.0479	7.375
48645.0479	7.312
48705.1279	7.312
48765.2082	7.312
48825.2879	7.312
48885.2878	7.312
48945.3679	7.25
49005.4478	7.25
49065.4478	7.25
49125.5279	7.25
49185.5279	7.25
49245.6078	7.25
49305.6879	7.187
49365.6879	7.187
49425.7678	7.187
49485.8479	7.125
49545.9279	7.125
49605.9279	7.125
49666.0078	7.062
49726.0079	7.062
49786.0878	7.062
49846.1683	7.062
49906.1684	7.062
49966.248	7.062
50026.3279	7
50086.3278	7
50146.4079	7
50206.4879	6.937
50266.5679	6.937
50326.5679	6.937
50386.6479	6.937
50446.7291	6.875
50506.7279	6.875
50566.7283	6.875
50626.8078	6.875
50686.8879	6.875
50746.8879	6.812
50806.9679	6.812
50867.0479	6.75
50927.1279	6.812
50987.1279	6.75
51047.2079	6.75
51107.208	6.75
51167.289	6.75
51227.3679	6.75
51287.3679	6.687
51347.3679	6.687
51407.4478	6.687
51467.5278	6.687
51527.5279	6.687
51587.6079	6.625
51647.6082	6.625
51707.6078	6.625
51767.6078	6.562
51827.6879	6.562
51887.6879	6.562
51947.768	6.562
52007.7679	6.562
52067.8469	6.5
52127.8479	6.5
52187.9279	6.5
52248.008	6.5
52308.0078	6.437
52368.0879	6.437
52428.1683	6.437
52488.1683	6.437
52548.1684	6.437
52608.2479	6.437
52668.2479	6.375
52728.3278	6.375
52788.4079	6.375
52848.4878	6.375
52908.4879	6.375
52968.5679	6.312
53028.5679	6.312
53088.6479	6.312
53148.7677	6.312
53208.7279	6.312
53268.7279	6.25
53328.8078	6.25
53388.8879	6.25
53448.8879	6.25
53508.9679	6.25
53569.048	6.25
53629.048	6.187
53689.1279	6.187
53749.1278	6.187
53809.2148	6.187
53869.3474	6.187
53929.377	6.125
53989.4472	6.125
54049.4691	6.125
54109.527	6.125
54169.6069	6.062
54229.6068	6.062
54289.6068	6.062
54349.6871	6.062
54409.7669	6
54469.8469	6
54529.9269	6
54589.9269	6
54650.0068	6
54710.0875	6
54770.0875	6
54830.1674	6
54890.2474	6
54950.2479	6
55010.3279	6
55070.4089	5.937
55130.4078	5.937
55190.4879	5.937
55250.5679	5.875
55310.648	5.875
55370.6479	5.812
55430.7278	5.812
55490.728	5.812
55550.8081	5.812
55610.8079	5.812
55670.8878	5.812
55730.9679	5.75
55790.9678	5.75
55851.048	5.75
55911.1278	5.75
55971.2083	5.75
56031.2879	5.75
56091.288	5.75
56151.368	5.75
56211.4479	5.75
56271.4479	5.687
56331.5279	5.687
56391.6079	5.687
56451.6079	5.687
56511.6878	5.687
56571.7679	5.687
56631.8478	5.625
56691.8478	5.625
56751.9279	5.625
56812.0078	5.625
56872.0078	5.625
56932.0879	5.562
56992.1679	5.562
57052.1679	5.562
57112.2879	5.562
57172.328	5.5
57232.4084	5.5
57292.4083	5.5
57352.4084	5.5
57412.4879	5.5
57472.5679	5.5
57532.5679	5.5
57592.6479	5.5
57652.7278	5.5
57712.7278	5.437
57772.8079	5.437
57832.8879	5.437
57892.8878	5.437
57952.9679	5.437
58012.9679	5.437
58073.0479	5.437
58133.0479	5.437
58193.128	5.437
58253.1279	5.437
58313.208	5.437
58373.288	5.375
58433.3678	5.375
58493.3679	5.375
58553.3679	5.375
58613.4479	5.375
58673.528	5.375
58733.5279	5.375
58793.6078	5.375
58853.6079	5.375
58913.6879	5.375
58973.7678	5.312
59033.7679	5.312
59093.8479	5.312
59153.9279	5.312
59214.008	5.312
59274.0079	5.312
59334.0879	5.25
59394.1678	5.25
59454.2492	5.25
59514.2479	5.25
59574.2479	5.25
59634.3279	5.25
59694.4087	5.25
59754.4879	5.25
59814.567	5.25
59874.5679	5.187
59934.6479	5.187
59994.6478	5.187
60054.7279	5.125
60114.7279	5.187
60174.8079	5.125
60234.8868	5.125
60294.9679	5.125
60354.9679	5.125
60415.0479	5.125
60475.1279	5.125
60535.2079	5.125
60595.2079	5.062
60655.2879	5.062
60715.368	5.062
60775.4478	5.062
60835.4479	5.062
60895.5279	5
60955.6079	5.062
61015.6879	5
61075.6879	5
61135.7678	5
61195.8479	5
61255.928	5
61315.9279	4.937
61376.0081	4.937
61436.0879	4.937
61496.1679	4.937
61556.1679	4.937
61616.2479	4.937
61676.3278	4.937
61736.4083	4.937
61796.4084	4.875
61856.488	4.937
61916.5678	4.937
61976.6479	4.875
62036.648	4.875
62096.7279	4.875
62156.8079	4.875
62216.8078	4.875
62276.8879	4.875
62336.9679	4.875
62397.0479	4.875
62457.048	4.875
62517.1279	4.812
62577.2079	4.812
62637.2879	4.812
62697.2879	4.812
62757.3678	4.812
62817.4479	4.75
62877.5278	4.75
62937.5279	4.75
62997.6079	4.75
63057.6878	4.75
63117.7682	4.75
63177.7679	4.75
63237.8478	4.75
63297.9279	4.75
63358.0079	4.75
63418.0078	4.75
63478.0878	4.75
63538.168	4.687
63598.2478	4.687
63658.2478	4.687
63718.3279	4.687
63778.4084	4.687
63838.4879	4.687
63898.4879	4.687
63958.5679	4.687
64018.6478	4.687
64078.7279	4.687
64138.7279	4.687
64198.808	4.687
64258.8869	4.687
64318.9679	4.687
64378.9679	4.687
64439.048	4.687
64499.1279	4.687
64559.2079	4.687
64619.2078	4.687
64679.2879	4.687
64739.3679	4.687
64799.4479	4.687
64859.4478	4.625
64919.5279	4.625
64979.608	4.625
65039.6079	4.625
65099.6878	4.562
65159.7679	4.562
65219.8478	4.562
65279.9279	4.562
65339.928	4.5
65400.0078	4.5
65460.0879	4.437
65520.0879	4.5
65580.1684	4.5
65640.2478	4.5
65700.3279	4.437
65760.3282	4.437
65820.4131	4.437
65880.4879	4.437
65940.5679	4.5
66000.5679	4.5
66060.6479	4.5
66120.7278	4.437
66180.8079	4.375
66240.8079	4.375
66300.8878	4.375
66360.9679	4.375
66421.0885	4.375
66481.0479	4.375
66541.128	4.375
66601.2079	4.437
66661.2879	4.375
66721.288	4.375
66781.3678	4.375
66841.4478	4.375
66901.5279	4.437
66961.528	4.375
67021.6078	4.375
67081.6879	4.437
67141.7679	4.375
67201.768	4.437
67261.8479	4.437
67321.9278	4.437
67382.0079	4.375
67442.0079	4.437
67502.088	4.437
67562.1684	4.437
67622.2479	4.437
67682.248	4.437
67742.3278	4.437
67802.4079	4.437
67862.4879	4.5
67922.4879	4.5
67982.5679	4.437
68042.6479	4.437
68102.7279	4.437
68162.7279	4.437
68222.8878	4.5
68282.8879	4.5
68342.968	4.5
68402.9679	4.5
68463.0478	4.5
68523.1279	4.562
68583.2078	4.625
68643.208	4.625
68703.288	4.687
68763.3679	4.687
68823.4469	4.75
68883.448	4.812
68943.5279	4.812
69003.6079	4.875
69063.6878	4.875
69123.6878	4.875
69183.768	4.937
69243.848	4.937
69303.8478	5
69363.9279	5.062
69424.0078	5.125
69484.0878	5.187
69544.0878	5.25
69604.1679	5.312
69664.2578	5.375
69724.3376	5.375
69784.3871	5.5
69844.4171	5.625
69904.497	5.812
69964.5669	5.937
70024.5669	6
70084.6468	6.062
70144.7269	6.125
70204.8068	6.187
70264.8069	6.312
70324.8868	6.5
70384.9669	6.75
70445.0468	6.937
70505.0478	7.125
70565.1275	7.375
70625.2074	7.625
70685.2879	7.812
70745.2879	8
70805.3679	8.187
70865.4479	8.375
70925.5279	8.437
70985.5284	8.375
71045.6068	8.375
71105.6879	8.437
71165.7679	8.562
71225.7678	8.687
71285.8479	8.812
71345.9279	8.937
71406.0079	9.125
71466.0078	9.25
71526.0879	9.437
71586.1678	9.562
71646.248	9.625
71706.2479	9.687
71766.3679	9.812
71826.4083	9.875
71886.488	9.937
71946.4878	10
72006.5679	10.125
72066.6479	10.25
72126.7278	10.375
72186.7278	10.437
72246.8079	10.5
72306.8878	10.437
72366.9679	10.375
72426.9679	10.437
72487.0479	10.5
72547.1279	10.5
72607.2079	10.5
72667.2079	10.562
72727.2878	10.812
72787.368	11.062
72847.4479	11.375
72907.448	11.625
72967.5279	11.875
73027.6078	12.187
73087.6874	12.5
73147.688	12.875
73207.7678	13.125
73267.848	13.25
73327.9279	13.375
73387.9279	13.625
73448.0078	13.812
73508.0879	14
73568.168	14.187
73628.1679	14.437
73688.2479	14.437
73748.3278	14.937
73808.4084	15.25
73868.4084	15.5
73928.4879	15.687
73988.5679	15.5
74048.6479	15
74108.6479	14.625
74168.7279	14.312
74228.8079	13.937
74288.8879	13.75
74348.8879	14.062
74408.9679	14.562
74469.048	15
74529.128	15.5
74589.1279	15.937
74649.2079	16.312
74709.288	16.75
74769.3679	17.125
74829.3678	17.437
74889.4479	17.75
74949.5279	18
75009.6079	18.25
75069.6079	18.5
75129.6879	18.75
75189.7678	18.937
75249.8478	19.187
75309.848	19.437
75369.9279	19.625
75430.0078	19.625
75490.0879	20
75550.0879	20.25
75610.1683	20.437
75670.2479	19.937
75730.3279	20.312
75790.3278	20.875
75850.4218	21.437
75910.4879	21.875
75970.568	22.25
76030.5679	22.625
76090.6479	23
76150.7279	23.375
76210.8079	23.625
76270.8078	23.812
76330.8881	24.187
76390.9678	24.562
76451.0483	24.937
76511.0479	25.312
76571.1279	25.562
76631.2079	25.812
76691.2869	26
76751.2878	26.062
76811.3679	25.812
76871.4479	25.687
76931.528	26.062
76991.5279	26.187
77051.6079	25.687
77111.688	25.75
77171.7678	25.375
77231.7682	25.312
77291.8485	25.562
77351.9279	25.187
77412.0078	25.375
77472.0078	25.125
77532.0879	25.25
77592.1694	25.937
77652.2469	26.25
77712.2469	25.625
77772.3274	24.812
77832.4089	24.375
77892.4868	24.25
77952.4879	24.312
78012.5678	24.437
78072.6479	24.5
78132.7279	24.312
78192.7274	24.312
78252.8068	24.312
78312.8879	24.312
78372.9678	24.312
78432.9679	25.562
78493.0483	25.5
78553.1279	26.187
78613.2078	26.437
78673.2079	25.812
78733.2879	26
78793.3679	26.937
78853.4479	27.75
78913.4478	28.437
78973.5279	28.687
79033.6079	28.687
79093.6879	28
79153.6879	27.75
79213.7679	27.187
79273.8478	26.875
79333.9278	26.312
79393.9279	26.062
79454.0078	26.437
79514.0879	27.5
79574.1679	28.187
79634.1678	28.75
79694.2479	29
79754.3279	28.625
79814.4084	28.812
79874.4083	28.75
79934.4879	28.875
79994.5679	28.75
80054.5679	28.812
80114.6478	28.937
80174.7279	29.375
80234.8479	29.437
80294.8078	29.125
80354.8878	29
80414.968	28.812
80475.0478	28.625
80535.048	28.25
80595.1279	27.687
80655.2079	27.187
80715.288	27.062
80775.288	26.937
80835.3679	27
80895.4479	26.937
80955.5279	26.812
81015.5279	26.75
81075.6079	27
81135.6879	26.937
81195.7679	26.812
81255.7678	26.687
81315.8479	26.625
81375.928	26.437
81436.0078	26.375
81496.0079	26.375
81556.0879	26.375
81616.1679	26.312
81676.248	26.125
81736.2479	25.875
81796.3279	25.687
81856.4083	25.687
81916.4084	25.562
81976.4879	25.5
82036.5678	25.312
82096.6478	25.25
82156.6479	25.125
82216.7279	25.125
82276.8079	25.125
82336.8881	25
82396.8879	24.937
82456.9679	24.875
82517.048	24.875
82577.1279	24.937
82637.1278	24.875
82697.208	24.875
82757.2878	25.125
82817.3679	25.5
82877.3679	25.687
82937.4478	26.125
82997.528	26.375
83057.6079	26.812
83117.6078	27
83177.6879	27.187
83237.7679	27.187
83297.8479	27.187
83357.8479	27.25
83417.9279	27.312
83478.0078	27.312
83538.0879	27.125
83598.088	26.937
83658.1679	26.687
83718.2479	26.5
83778.2479	26.25
83838.3279	26.187
83898.4083	26.312
83958.4879	26.25
84018.4879	26.187
84078.5678	26.125
84138.6479	26.062
84198.7279	25.937
84258.7278	25.875
84318.8079	25.937
84378.8879	26
84438.9679	26
84499.048	26.062
84559.048	26.125
84619.1279	26.25
84679.2149	26.187
84739.2968	26.187
84799.2972	26.125
84859.3771	26.062
84919.4691	26.062
84979.5269	26.125
85039.5283	26.25
85099.6068	26.375
85159.6869	26.5
85219.6868	26.75
85279.7669	27.312
85339.8472	28.437
85399.9268	29.375
85460.0069	30.125
85520.0078	30.562
85580.0878	30.875
85640.1679	31.25
85700.1675	31.562
85760.2474	31.875
85820.3274	32.187
85880.4087	32.375
85940.4084	32.25
86000.4883	31.812
86060.5679	31.625
86120.648	31.437
86180.7278	31
86240.7279	30.937
86300.8069	30.937
86360.888	31.062
86420.8879	31.187
86480.9679	31.312
86541.0479	31.5
86601.1279	31.687
86661.1279	31.687
86721.2078	31.5
86781.2879	31.375
86841.3679	31.562
86901.3685	31.75
86961.448	31.812
87021.5279	31.937
87081.6079	31.75
87141.6079	31.937
87201.6879	32.187
87261.7678	32.562
87321.7679	32.812
87381.848	32.875
87441.9279	32.937
87502.0079	33.062
87562.0079	33.062
87622.0878	33.187
87682.1679	33.062
87742.248	33
87802.2478	33.062
87862.3279	32.937
87922.4084	32.812
87982.4879	32.687
88042.4879	32.312
88102.5679	31.875
88162.6478	31.687
88222.7279	31.562
88282.728	31.437
88342.8078	31.187
88402.8878	31
88462.9679	30.625
88522.9669	30.312
88583.0479	30.125
88643.1684	30
88703.1279	29.75
88763.2079	29.562
88823.2883	29.437
88883.3679	29.312
88943.4478	29.062
89003.4478	28.812
89063.5279	28.562
89123.6079	28.312
89183.6079	28.125
89243.6879	27.875
89303.7679	27.625
89363.8479	27.375
89423.9279	27.187
89483.9279	26.937
89544.0079	26.812
89604.0879	26.625
89664.0879	26.5
89724.1687	26.375
89784.2479	26.312
89844.3279	26.437
89904.4079	26.625
89964.4079	26.687
90024.4879	26.687
90084.5678	26.75
90144.5678	26.75
90204.6479	26.75
90264.7279	26.687
90324.8078	26.75
90384.8879	27
90444.8879	27.187
90504.9678	27.5
90565.0479	27.937
90625.0482	28.25
90685.1312	28.375
90745.2079	28.562
90805.2879	28.687
90865.288	28.625
90925.3679	28.562
90985.4478	28.25
91045.4479	28.125
91105.5279	27.687
91165.6079	27
91225.6879	26.5
91285.7179	26.125
91345.7679	26
91405.8479	25.875
91465.9278	25.812
91526.0478	25.812
91586.0084	25.875
91646.0879	25.875
91706.2082	25.875
91766.1739	26.062
91826.2479	26.187
91886.3279	25.937
91946.4078	25.687
92006.4079	25.312
92066.4891	25
92126.6083	24.75
92186.6478	24.562
92246.6479	24.562
92306.7274	24.5
92366.8103	24.687
92426.8887	25.062
92486.8881	25.687
92546.9775	26.375
92607.0469	26.937
92667.1279	27.312
92727.1274	27.937
92787.2069	28.375
92847.2868	28.625
92907.3674	29.062
92967.3674	29.125
93027.4469	29
93087.5279	29
93147.6079	29.125
93207.6079	29.125
93267.6878	29.25
93327.7679	29.25
93387.8479	28.312
93447.8479	28.062
93507.9279	28.062
93568.0079	28.25
93628.0079	28.687
93688.0879	29
93748.1685	29.187
93808.2479	29.187
93868.2479	29.187
93928.3278	29.375
93988.4085	29.75
94048.4879	29.875
94108.4879	29.75
94168.5682	29.375
94228.648	29.437
94288.7279	29.562
94348.7279	29.625
94408.8079	29.437
94468.8879	27.875
94528.9678	26.812
94588.9679	25.812
94649.0479	25.625
94709.1279	25.25
94769.2078	24.687
94829.2078	24
94889.2879	23.375
94949.3679	22.937
95009.4479	22.562
95069.448	22.562
95129.5281	22.875
95189.6079	23.375
95249.6882	24.062
95309.688	25.125
95369.7679	26.125
95429.8478	27
95489.9279	27.25
95549.9279	27.625
95610.0078	27.812
95670.0878	27.75
95730.1684	26.75
95790.1684	26.312
95850.2479	26.437
95910.3281	26.375
95970.408	27.062
96030.4079	27.562
96090.4881	27.75
96150.568	27.562
96210.6479	27.125
96270.6478	26.375
96330.7278	25.875
96390.8079	25.375
96450.8879	25
96510.8878	24.687
96570.9678	24.25
96631.0478	23.5
96691.1279	22.75
96751.128	22.25
96811.2079	22
96871.2879	21.937
96931.3679	21.875
96991.3679	21.812
97051.4479	21.812
97111.5279	22.25
97171.6079	23.625
97231.6079	25
97291.6879	25.562
97351.7679	25.562
97411.8481	24.5
97471.8479	23.5
97531.9279	22.812
97592.0079	22.125
97652.0878	22.125
97712.0879	21.937
97772.1687	21.75
97832.2482	21.5
97892.3279	21.5
97952.3279	21.562
98012.4079	22.062
98072.4879	22.25
98132.5679	22.562
98192.5679	23.375
98252.6479	24.125
98312.7279	24.562
98372.8079	25.187
98432.8079	25.187
98492.888	25.375
98552.9679	25.75
98613.0479	25.875
98673.0479	26.375
98733.1278	27.062
98793.2079	27.437
98853.288	26.875
98913.2879	27.187
98973.3679	27.5
99033.448	27.125
99093.5279	27.125
99153.5278	27.437
99213.608	27.5
99273.6879	27.562
99333.7678	26.062
99393.7679	24.562
99453.8479	23.375
99513.9279	22.75
99574.0079	22.125
99634.0079	21.937
99694.0879	21.75
99754.1684	21.562
99814.3575	21.437
99874.3062	21.375
99934.3377	21.437
99994.4171	21.625
100054.4967	21.937
100114.4971	22.125
100174.5668	22.25
100234.6469	22.437
100294.7269	23.187
100354.7268	24.187
100414.8069	25
100474.8869	25.437
100534.9669	26.062
100594.9668	26.062
100655.0474	25.75
100715.1274	25.5
100775.2084	25.437
100835.2074	25.25
100895.2878	25
100955.368	24.937
101015.4476	25
101075.4479	25
101135.5279	25
101195.6068	25.437
101255.6083	26.562
101315.6879	27.437
101375.7678	28.375
101435.8479	28.812
101495.8479	28.937
101555.9279	30.187
101616.0078	30.812
101676.0879	31
101736.0879	31.187
101796.1678	30
101856.2479	29.062
101916.328	28.937
101976.3278	28.625
102036.4083	29.75
102096.4879	30.25
102156.5679	29.562
102216.5679	28.75
102276.6479	27.875
102336.7279	27.062
102396.808	26.375
102456.8079	25.75
102516.8879	25.25
102576.9679	24.812
102637.0478	24.437
102697.0479	24.187
102757.128	24
102817.2078	23.875
102877.2878	23.812
102937.2878	23.75
102997.3679	23.625
103057.4479	23.625
103117.4483	23.625
103177.5279	23.625
103237.6078	23.5
103297.6879	23.437
103357.6879	23.375
103417.7679	23.375
103477.8479	23.312
103537.928	23.312
103597.9279	23.437
103658.0079	23.5
103718.088	23.687
103778.1684	23.937
103838.1683	24.25
103898.2478	24.937
103958.3279	25.375
104018.4079	25.375
104078.4079	26.375
104138.4879	26.312
104198.5679	26.375
104258.6478	26.875
104318.6479	27.187
104378.7279	27.625
104438.8078	27.937
104498.8878	28.125
104558.8878	27.875
104618.9679	27.937
104679.0479	27.875
104739.1279	27.625
104799.1279	27.687
104859.2078	27.625
104919.288	27.187
104979.3679	26.75
105039.3678	26.25
105099.4479	25.812
105159.528	25.375
105219.6078	25.125
105279.6079	24.75
105339.6878	24.437
105399.7679	24.437
105459.7678	23.937
105519.8479	23.937
105579.9279	23.875
105640.0078	23.875
105700.0882	23.562
105760.0879	23.375
105820.1679	23.25
105880.2478	23.125
105940.2478	23
106000.3279	22.937
106060.4084	22.812
106120.4879	22.687
106180.5679	22.562
106240.5679	22.437
106300.6479	22.312
106360.728	22.187
106420.8079	22.125
106480.8079	22
106540.8878	21.937
106600.968	21.875
106661.0478	21.812
106721.0478	21.937
106781.1278	22.687
106841.208	23.625
106901.3281	23.625
106961.2879	24.687
107021.368	24.5
107081.4562	24.5
107141.5278	24.25
107201.528	23.875
107261.6079	23.437
107321.6879	23.062
107381.7679	22.687
107441.7679	22.312
107501.8479	22.062
107561.9279	21.75
107621.928	21.562
107682.0078	21.437
107742.0879	21.25
107802.168	21.125
107862.2478	21.062
107922.2478	20.937
107982.328	20.875
108042.4083	20.812
108102.4878	20.812
108162.4878	20.812
108222.5679	20.75
108282.6478	20.687
108342.7279	20.625
108402.7279	20.625
108462.8078	20.875
108522.8878	21.062
108582.8879	21.187
108642.9679	21.312
108703.048	21.312
108763.1279	21.25
108823.1279	21.187
108883.2079	21.062
108943.2879	20.875
109003.368	20.75
109063.3679	20.562
109123.4479	20.437
109183.528	20.312
109243.6079	20.187
109303.6078	20.062
109363.6878	19.937
109423.7679	19.937
109483.8479	19.75
109543.8478	19.687
109603.9279	19.687
109664.0078	19.625
109724.0879	19.625
109784.0879	19.562
109844.1678	19.562
109904.2479	19.562
109964.2479	19.5
110024.3279	19.5
110084.4083	19.437
110144.4879	19.437
110204.488	19.437
110264.5678	19.375
110324.6478	19.312
110384.7279	19.312
110444.728	19.25
110504.8078	19.187
110564.8879	19.125
110624.9678	19.125
110684.9679	19.062
110745.0479	19
110805.1279	19
110865.2082	18.937
110925.2079	18.937
110985.2879	18.937
111045.3678	18.875
111105.448	18.875
111165.448	18.812
111225.528	18.812
111285.6078	18.812
111345.6879	18.75
111405.688	18.687
111465.7678	18.687
111525.8479	18.687
111585.9279	18.625
111645.9284	18.562
111706.0079	18.562
111766.0879	18.5
111826.1679	18.437
111886.1679	18.437
111946.2478	18.375
112006.3279	18.312
112066.4083	18.25
112126.4084	18.25
112186.4878	18.187
112246.5679	18.125
112306.6478	18.062
112366.6479	18
112426.7283	17.937
112486.8078	17.937
112546.8878	17.875
112606.8884	17.812
112666.9679	17.75
112727.0478	17.75
112787.1279	17.75
112847.1279	17.687
112907.2079	17.687
112967.2878	17.625
113027.3679	17.625
113087.3679	17.562
113147.4479	17.562
113207.5279	17.5
113267.6079	17.5
113327.6078	17.5
113387.6879	17.5
113447.7679	17.5
113507.8479	17.5
113567.8479	17.437
113627.9278	17.437
113688.0079	17.437
113748.0878	17.437
113808.0879	17.375
113868.1679	17.437
113928.2877	17.437
113988.3278	17.437
114048.3278	17.437
114108.4083	17.437
114168.4878	17.437
114228.568	17.375
114288.5679	17.375
114348.6879	17.375
114408.7279	17.375
114468.8082	17.375
114528.8079	17.375
114588.8878	17.375
114648.9679	17.375
114709.0478	17.375
114769.0478	17.312
114829.1279	17.312
114889.2148	17.312
114949.3472	17.25
115009.2968	17.25
115069.377	17.25
115129.4574	17.187
115189.5296	17.187
115249.5269	17.187
115309.6069	17.125
115369.6869	17.125
115429.7669	17.062
115489.7668	17.062
115549.8469	17.062
115609.9273	17
115669.9269	17
115730.0068	17
115790.0874	16.937
115850.1674	16.937
115910.1674	16.937
115970.2478	16.937
116030.3284	16.875
116090.4088	16.875
116150.4101	16.875
116210.5275	16.875
116270.5679	16.875
116330.6478	16.875
116390.6479	16.875
116450.7279	16.812
116510.8079	16.812
116570.8079	16.812
116630.888	16.75
116690.9678	16.75
116751.048	16.75
116811.0478	16.687
116871.128	16.687
116931.208	16.625
116991.2879	16.625
117051.288	16.625
117111.3678	16.625
117171.4479	16.625
117231.5279	16.562
117291.5279	16.562
117351.6079	16.562
117411.6879	16.562
117471.7679	16.562
117531.7679	16.562
117591.8479	16.562
117651.9279	16.562
117712.008	16.562
117772.0078	16.5
117832.0878	16.5
117892.1678	16.5
117952.2479	16.5
118012.2479	16.5
118072.3278	16.5
118132.4083	16.5
118192.4083	16.5
118252.5679	16.5
118312.5679	16.437
118372.6479	16.437
118432.648	16.437
118492.7279	16.437
118552.8078	16.437
118612.8879	16.375
118672.8878	16.375
118732.9679	16.312
118793.0479	16.312
118853.1279	16.312
118913.1278	16.25
118973.2078	16.25
119033.288	16.25
119093.3679	16.25
119153.4479	16.187
119213.4479	16.187
119273.5279	16.187
119333.6078	16.187
119393.608	16.187
119453.6878	16.187
119513.7678	16.187
119573.8479	16.187
119633.8479	16.125
119693.9279	16.125
119754.0079	16.125
119814.0882	16.125
119874.0878	16.125
119934.1684	16.125
119994.2478	16.062
120054.3278	16.062
120114.3278	16.062
120174.4079	16.062
120234.488	16.062
120294.5679	16.062
120354.568	16.062
120414.6479	16.062
120474.7278	16.062
120534.8079	16.062
120594.8079	16.062
120654.8878	16.062
120714.9679	16.062
120775.0479	16.062
120835.0479	16.062
120895.1284	16.062
120955.2079	16.062
121015.2879	16.062
121075.2879	16.062
121135.368	16.062
121195.4479	16.125
121255.5279	16.062
121315.528	16.062
121375.6082	16.062
121435.6878	16.062
121495.7679	16.062
121555.7678	16.062
121615.8479	16.062
121675.9279	16.062
121736.0078	16
121796.0655	15.937
121856.0879	15.937
121916.168	15.75
121976.1678	15.625
122036.2468	15.5
122096.328	15.437
122156.4084	15.312
122216.4083	15.25
122276.4879	15.187
122336.5678	15.125
122396.6479	15.125
122456.6479	15.062
122516.7279	15.062
122576.8079	15
122636.888	15
122696.8879	14.937
122756.9678	14.875
122817.048	14.812
122877.1282	14.812
122937.1279	14.75
122997.2078	14.75
123057.2879	14.687
123117.3678	14.625
123177.3678	14.625
123237.4483	14.625
123297.5279	14.625
123357.6079	14.625
123417.6079	14.562
123477.7678	14.562
123537.7679	14.562
123597.848	14.562
123657.8479	14.562
123717.9279	14.5
123778.0079	14.5
123838.0879	14.5
123898.0879	14.5
123958.1679	14.5
124018.2479	14.5
124078.3279	14.562
124138.3278	14.562
124198.4083	14.562
124258.4879	14.562
124318.5679	14.562
124378.5679	14.562
124438.6478	14.562
124498.7279	14.562
124558.8078	14.562
124618.8079	14.562
124678.888	14.562
124738.9679	14.562
124799.0478	14.625
124859.0482	14.625
124919.1279	14.687
124979.2079	14.687
125039.2879	14.687
125099.2879	14.687
125159.3678	14.687
125219.4479	14.687
125279.4479	14.687
125339.5279	14.687
125399.6078	14.687
125459.6879	14.687
125519.6883	14.75
125579.7679	14.75
125639.8479	14.687
125699.928	14.75
125759.9279	14.687
125820.0078	14.75
125880.0879	14.687
125940.1679	14.75
126000.1679	14.687
126060.2478	14.687
126120.3279	14.687
126180.4084	14.687
126240.4083	14.687
126300.4878	14.687
126360.5678	14.687
126420.6479	14.687
126480.6479	14.687
126540.7279	14.687
126600.8079	14.687
126660.888	14.687
126720.8879	14.687
126780.9678	14.687
126841.048	14.687
126901.1279	14.687
126961.1278	14.687
127021.2079	14.687
127081.2879	14.687
127141.3678	14.687
127201.3678	14.687
127261.4479	14.625
127321.5279	14.625
127381.6078	14.625
127441.6079	14.625
127501.6869	14.625
127561.7678	14.562
127621.8479	14.562
127681.8478	14.562
127741.9279	14.562
127802.0078	14.562
127862.0878	14.5
127922.0879	14.5
127982.1683	14.5
128042.2479	14.5
128102.3679	14.5
128162.3279	14.5
128222.4079	14.5
128282.4879	14.5
128342.5679	14.437
128402.5678	14.437
128462.6479	14.437
128522.7282	14.437
128582.8079	14.437
128642.8079	14.437
128702.8878	14.437
128762.9679	14.437
128823.0479	14.437
128883.0479	14.437
128943.1278	14.437
129003.2078	14.437
129063.2879	14.375
129123.2878	14.375
129183.3679	14.375
129243.4479	14.375
129303.528	14.375
129363.5279	14.375
129423.6082	14.312
129483.6879	14.312
129543.7679	14.312
129603.8184	14.312
129663.8484	14.312
129723.9279	14.25
129783.9279	14.25
129844.0078	14.25
129904.0078	14.25
129964.0879	14.25
130024.1684	14.25
130084.3061	14.25
130144.3063	14.25
130204.3376	14.25
130264.4172	14.25
130324.4971	14.187
130384.4968	14.187
130444.5668	14.187
130504.6469	14.187
130564.7268	14.187
130624.7269	14.187
130684.8068	14.125
130744.8868	14.125
130804.9669	14.125
130864.9669	14.125
130925.0474	14.125
130985.1275	14.125
131045.2074	14.125
131105.2074	14.125
131165.2886	14.125
131225.3679	14.125
131285.4479	14.125
131345.4479	14.125
131405.528	14.062
131465.6079	14.062
131525.7287	14
131585.6879	14
131645.7678	14
131705.8478	13.937
131765.9279	13.937
131825.9279	13.875
131886.0078	13.875
131946.0879	13.812
132006.1678	13.812
132066.1679	13.812
132126.2479	13.812
132186.3279	13.75
132246.4084	13.75
132306.4083	13.75
132366.4878	13.75
132426.5679	13.75
132486.6478	13.75
132546.6478	13.75
132606.7279	13.75
132666.8079	13.75
132726.888	13.75
132786.8879	13.75
132846.9679	13.75
132907.0479	13.75
132967.1282	13.75
133027.128	13.687
133087.2079	13.75
133147.288	13.75
133207.3679	13.75
133267.4478	13.687
133327.4479	13.687
133387.5279	13.687
133447.6078	13.687
133507.6079	13.687
133567.6879	13.625
133627.7678	13.625
133687.8478	13.625
133747.8479	13.625
133807.9279	13.625
133868.0079	13.625
133928.0879	13.625
133988.0879	13.625
134048.1685	13.562
134108.2479	13.562
134168.3279	13.562
134228.3279	13.562
134288.4079	13.562
134348.4879	13.562
134408.5679	13.562
134468.5679	13.562
134528.6479	13.5
134588.7283	13.5
134648.808	13.5
134708.808	13.5
134768.8878	13.5
134828.9669	13.5
134889.048	13.5
134949.0478	13.437
135009.1279	13.437
135069.2079	13.375
135129.2879	13.375
135189.2878	13.375
135249.368	13.375
135309.448	13.375
135369.528	13.312
135429.5279	13.312
135489.6079	13.312
135549.6879	13.25
135609.7679	13.25
135669.7679	13.25
135729.8478	13.25
135789.9279	13.25
135850.0078	13.25
135910.0079	13.25
135970.0879	13.187
136030.1684	13.187
136090.2479	13.187
136150.2481	13.187
136210.328	13.187
136270.408	13.187
136330.488	13.187
136390.4879	13.187
136450.5679	13.187
136510.6479	13.187
136570.6479	13.187
136630.7279	13.125
136690.8078	13.125
136750.8879	13.125
136810.888	13.125
136871.0077	13.125
136931.048	13.125
136991.1278	13.125
137051.128	13.125
137111.2079	13.125
137171.288	13.125
137231.3679	13.125
137291.3678	13.125
137351.4479	13.125
137411.5279	13.125
137471.6079	13.125
137531.6079	13.125
137591.6879	13.125
137651.7675	13.125
137711.8479	13.125
137771.8479	13.125
137831.9278	13.125
137892.0079	13.125
137952.0879	13.125
138012.0879	13.125
138072.1693	13.125
138132.2474	13.125
138192.3274	13.187
138252.3269	13.187
138312.4072	13.187
138372.4868	13.187
138432.5678	13.187
138492.5679	13.187
138552.6474	13.125
138612.7279	13.187
138672.8078	13.187
138732.8068	13.187
138792.8879	13.187
138852.968	13.187
138913.048	13.187
138973.0479	13.187
139033.1279	13.187
139093.2083	13.187
139153.2079	13.187
139213.2878	13.187
139273.3678	13.187
139333.448	13.25
139393.4479	13.25
139453.5279	13.25
139513.6079	13.25
139573.6879	13.25
139633.6879	13.25
139693.7679	13.25
139753.8478	13.25
139813.9279	13.25
139873.9279	13.25
139934.0079	13.25
139994.0879	13.25
140054.1678	13.25
140114.1679	13.25
140174.2479	13.25
140234.3279	13.25
140294.4083	13.312
140354.4084	13.312
140414.4879	13.312
140474.5679	13.312
140534.6479	13.312
140594.6479	13.312
140654.7279	13.312
140714.8079	13.312
140774.888	13.312
140834.8879	13.375
140894.9678	13.375
140955.048	13.375
141015.1279	13.375
141075.2074	13.375
141135.2079	13.375
141195.288	13.375
141255.288	13.375
141315.3678	13.375
141375.448	13.375
141435.5278	13.375
141495.5279	13.375
141555.6079	13.375
141615.6879	13.375
141675.7678	13.375
141735.7678	13.375
141795.8479	13.375
141855.9279	13.375
141916.0078	13.375
141976.0079	13.375
142036.0879	13.375
142096.1683	13.375
142156.248	13.375
142216.288	13.375
142276.3279	13.375
142336.408	13.375
142396.4878	13.312
142456.4879	13.312
142516.5683	13.312
142576.6479	13.312
142636.7278	13.312
142696.7279	13.312
142756.8079	13.312
142816.8879	13.312
142876.9679	13.312
142936.968	13.25
142997.048	13.25
143057.1279	13.25
143117.208	13.25
143177.2078	13.25
143237.2878	13.187
143297.368	13.187
143357.4479	13.187
143417.4479	13.187
143477.5283	13.187
143537.6078	13.187
143597.6879	13.25
143657.6879	13.187
143717.7679	13.25
143777.8478	13.25
143837.9279	13.25
143897.9279	13.25
143958.0078	13.25
144018.0879	13.25
144078.1679	13.25
144138.1679	13.25
144198.2479	13.25
144258.3279	13.25
144318.4084	13.25
144378.4083	13.25
144438.4878	13.25
144498.5679	13.25
144558.6479	13.25
144618.648	13.25
144678.7278	13.25
144738.8079	13.187
144798.8869	13.25
144858.8878	13.25
144918.9678	13.25
144979.0479	13.25
145039.1278	13.25
145099.1279	13.25
145159.2148	13.25
145219.3468	13.25
145279.3771	13.25
145339.3772	13.25
145399.4646	13.25
145459.5286	13.25
145519.6068	13.187
145579.6068	13.187
145639.6869	13.187
145699.7669	13.187
145759.8469	13.187
145819.8469	13.187
145879.9269	13.187
145940.0069	13.187
146000.0875	13.187
146060.0878	13.187
146120.1678	13.187
146180.2479	13.187
146240.3274	13.187
146300.3275	13.187
146360.4083	13.187
146420.4879	13.187
146480.5679	13.187
146540.5679	13.187
146600.6479	13.187
146660.7278	13.187
146720.8079	13.187
146780.8079	13.187
146840.8878	13.187
146900.9679	13.187
146961.0479	13.187
147021.0478	13.187
147081.1279	13.187
147141.2079	13.187
147201.2878	13.187
147261.2878	13.125
147321.3679	13.125
147381.4479	13.125
147441.528	13.125
147501.528	13.062
147561.608	13.062
147621.6879	13.062
147681.7679	13.062
147741.7678	13
147801.8478	13
147861.9279	13
147922.0079	12.937
147982.0077	12.937
148042.0879	12.937
148102.1678	12.875
148162.2478	12.875
148222.2479	12.812
148282.3278	12.812
148342.4083	12.812
148402.4879	12.75
148462.4879	12.75
148522.5678	12.75
148582.6479	12.687
148642.7279	12.687
148702.7278	12.687
148762.8079	12.687
148822.8879	12.687
148882.9682	12.687
148942.968	12.687
149003.0479	12.687
149063.1279	12.75
149123.2079	12.75
149183.2079	12.687
149243.2879	12.75
149303.3679	12.75
149363.4479	12.75
149423.4479	12.75
149483.5279	12.75
149543.6079	12.75
149603.6879	12.687
149663.6879	12.687
149723.7679	12.687
149783.8479	12.687
149843.8478	12.687
149903.9279	12.625
149964.0078	12.625
150024.0879	12.625
150084.0879	12.625
150144.1684	12.625
150204.2479	12.562
150264.3279	12.562
150324.3279	12.562
150384.4083	12.562
150444.4879	12.625
150504.5679	12.625
150564.5683	12.625
150624.6478	12.625
150684.7685	12.625
150744.808	12.625
150804.8079	12.625
150864.8878	12.625
150924.9679	12.625
150985.0478	12.625
151045.0479	12.625
151105.1279	12.625
151165.2079	12.687
151225.2878	12.625
151285.288	12.625
151345.368	12.625
151405.448	12.625
151465.5279	12.687
151525.528	12.687
151585.6079	12.687
151645.6879	12.625
151705.7679	12.625
151765.7669	12.625
151825.8479	12.562
151885.9279	12.562
151946.0078	12.562
152006.0079	12.562
152066.0879	12.5
152126.1678	12.5
152186.2479	12.5
152246.2479	12.5
152306.3279	12.5
152366.4083	12.5
152426.488	12.5
152486.4879	12.437
152546.5681	12.437
152606.6879	12.437
152666.728	12.437
152726.7279	12.437
152786.8079	12.437
152846.888	12.437
152906.9674	12.437
152966.9678	12.437
153027.0479	12.437
153087.128	12.437
153147.2081	12.437
153207.2079	12.437
153267.2879	12.437
153327.3679	12.437
153387.5281	12.437
153447.4479	12.437
153507.5279	12.437
153567.608	12.437
153627.688	12.437
153687.6884	12.437
153747.7734	12.437
153807.8479	12.437
153867.9372	12.437
153927.9296	12.437
153988.0074	12.437
154048.0879	12.437
154108.1684	12.5
154168.1679	12.5
154228.2472	12.5
154288.3279	12.5
154348.4079	12.5
154408.4079	12.5
154468.4878	12.562
154528.5679	12.562
154588.5679	12.625
154648.6479	12.625
154708.7279	12.687
154768.8079	12.687
154828.808	12.75
154888.8879	12.75
154948.9679	12.875
155009.0479	12.937
155069.0479	13
155129.1279	13.062
155189.2079	13.187
155249.288	13.25
155309.2879	13.312
155369.3678	13.375
155429.4479	13.437
155489.5279	13.5
155549.5279	13.562
155609.6079	13.562
155669.6879	13.625
155729.7679	13.75
155789.7679	13.812
155849.8479	13.875
155909.9279	14
155970.0079	14.062
156030.0079	14.125
156090.0879	14.187
156150.1679	14.25
156210.2478	14.312
156270.2479	14.437
156330.3279	14.437
156390.4084	14.562
156450.5283	14.625
156510.4878	14.687
156570.5679	14.875
156630.6478	15
156690.7279	15.062
156750.7279	15.062
156810.8079	15.312
156870.8883	15.437
156930.9679	15.5
156990.9678	15.625
157051.0479	15.75
157111.1279	15.812
157171.208	15.875
157231.2079	15.937
157291.288	15.875
157351.3679	15.812
157411.4479	15.75
157471.448	15.687
157531.5279	15.625
157591.6078	15.625
157651.6879	15.625
157711.6879	15.75
157771.7679	16.062
157831.8479	16.437
157891.9279	16.812
157951.9279	17.187
158012.0079	17.437
158072.0879	17.75
158132.1679	17.937
158192.1678	18.062
158252.2479	18.187
158312.3278	18.312
158372.3279	18.5
158432.4083	18.687
158492.4879	19
158552.5678	19.25
158612.5679	19.25
158672.6487	19.187
158732.7278	19.25
158792.8079	19.125
158852.808	18.937
158912.8879	18.687
158972.9679	18.562
159033.048	18.437
159093.0478	18.5
159153.1279	18.562
159213.2079	18.937
159273.2879	19.5
159333.2878	20.187
159393.3689	20.75
159453.4478	21.312
159513.528	21.812
159573.5279	22.25
159633.6079	22.687
159693.6879	23.062
159753.768	23.312
159813.7679	23.562
159873.8479	23.875
159933.9279	24.187
159994.0078	24.562
160054.0079	24.875
160114.0879	25.062
160174.1684	25.25
160234.2582	25.5
160294.3066	25.625
160354.387	25.625
160414.417	25.625
160474.5051	25.625
160534.4971	25.562
160594.5669	25.625
160654.6469	25.812
160714.7268	26
160774.7268	26.25
160834.8069	26.625
160894.8868	26.875
160954.9669	27.125
161014.9669	27.125
161075.0475	27.625
161135.1274	27.937
161195.2084	28.312
161255.2075	28.625
161315.2883	28.937
161375.3674	29.187
161435.3679	29.5
161495.4475	29.812
161555.5279	30.125
161615.6079	30.312
161675.688	30.5
161735.6879	30.687
161795.8079	30.937
161855.8479	30.937
161915.9279	31.187
161975.9278	31.375
162036.0078	31.5
162096.0879	31.625
162156.168	31.812
162216.1679	32
162276.2479	32.062
162336.3279	32.25
162396.4079	32.437
162456.4079	32.625
162516.4879	32.75
162576.5678	32.875
162636.6479	33
162696.6479	33.125
162756.7279	33.187
162816.8079	33.187
162876.8883	33.312
162936.8878	33.562
162996.968	33.687
163057.0479	33.75
163117.1282	33.75
163177.128	33.687
163237.2079	33.75
163297.2879	33.937
163357.3679	34.062
163417.3678	34.312
163477.4479	34.562
163537.5279	34.75
163597.6079	34.875
163657.6879	35
163717.6879	35.125
163777.7679	35.25
163837.8479	35.375
163897.9279	35.562
163957.928	35.562
164018.0076	35.687
164078.0883	35.75
164138.1679	35.75
164198.1679	35.75
164258.2479	35.375
164318.3278	35.125
164378.4084	35.312
164438.4084	35.562
164498.4878	35.875
164558.5678	36.062
164618.6479	36.25
164678.6479	36.375
164738.7279	36.562
164798.8079	36.687
164858.8881	36.687
164918.888	36.687
164979.0081	36.75
165039.0482	36.875
165099.1279	37.062
165159.1282	37.187
165219.2079	37.312
165279.288	37.437
165339.3679	37.562
165399.368	37.687
165459.4479	37.687
165519.528	37.75
165579.608	37.875
165639.6079	38.062
165699.6879	38.125
165759.7679	38.25
165819.8478	38.375
165879.8479	38.5
165939.9279	38.562
166000.0079	38.562
166060.0879	38.75
166120.0879	38.562
166180.1684	36.25
166240.2479	34.062
166300.3278	31.937
166360.3278	32.125
166420.4079	32
166480.4879	32.187
166540.5669	32.375
166600.5679	30.875
166660.6479	30.812